0.9012203987176487
0.17277380358913527
0.32552003213307407
0.3812853383063963
1.3979928938504678
0.1758007082081854
0.4836857129170624
0.9062041741181992
0.5676159072700522
0.9603332825310905
0.7521655695680158
0.6773934893101673
1.030983761633328
0.6912392240343503
0.7741029309019319
0.007782197727768099
0.675106151030891
0.42667556593289563
1.3944900962263678
-0.09466839676615471
2.251528679698826
1.0025428309696922
0.16860582685498152
0.2901907072532419
0.43707712165784895
0.19261211805064185
1.386387495564948
-0.12626135160369734
-0.09538515283376992
0.2723323822884348
0.3993690064996411
0.5954537900342923
0.9095701403919049
0.5948399894413416
0.6264160037557304
2.0001709015190134
1.4398972681017248
1.510622559735229
0.5584227686852885
0.9826947879379178
0.41473648481871284
0.6696595025813599
0.9838383968834927
0.4087344534854054
0.7059102116447027
0.8017977677735793
0.3139731945691424
0.4480275945711262
1.2387246795408924
0.8920883885172868
0.7031935346698057
0.13327692122121396
0.4593571935820374
0.7169916959152026
0.12825319046944933
0.07593545893189425
-0.03773079404869089
0.49175464167053723
-0.14074832175499466
-0.26427001178268616
0.03949848162570835
-0.039789873569256964
0.006962704855289576
0.06339555645096498
0.03702759415594464
0.3087652229292388
1.1831673349484193
0.35916892568518416
-0.4423324867981467
-0.16440838226889135
-0.5151226308087098
-0.44953874039105707
0.09624910253680571
1.5549156273732816
-0.018921687247152374
0.48818426742467236
0.8401232477786305
1.0392626386866661
-0.30955702237604227
-0.0730003456672559
0.8154624730373391
0.440607632503077
-0.04151030055339176
-0.2337644712629978
0.187008215945664
-0.500705594357809
1.515629705232908
-0.3139496955728468
0.4858122406084606
1.0575644337541918
-0.17801878422014292
-0.022247965896977764
-0.1868333078351681
0.6203058566603751
1.302348363205906
0.29206027286816333
0.27701083469265436
0.3971570203198158
0.16333952043019495
-0.046285856565688295
1.4782429908745294
-0.24055718843005858
0.7280051956729746
0.40920196017634064
0.9760909964035316
-0.08092249053098002
0.7607295703567405
0.6675725463462882
0.25551512066825627
0.5254025010046828
-0.2122662429719727
-0.016027130801886467
0.9190184030179808
-0.13247079836672748
0.3502653988238955
0.1951959741115949
2.0857860771333265
-0.13368491155416376
0.6696197788957776
0.7796854045222119
0.2810073126389525
0.7729479107894087
0.559944755921802
1.4571057721732623
2.7260887829618947
0.14537035078382937
-0.29444623004899134
0.6846801942747495
0.5279469055850238
0.5258400778294836
-0.015795611422311385
-0.30295483912684895
1.0589193446521064
1.0331295180380324
0.05173469841600305
-0.012478305628847953
0.6231253282528143
0.3889210167857695
-0.23008789276231326
-0.24526288082095188
-0.18151495907883253
0.7434833605638743
0.13300483755665324
1.3633265856273502
0.06827929635498543
0.8610772880241611
0.04081665394373406
1.1604302443949635
2.119553363883496
0.7250149531910403
0.2187068447941224
1.3535514636864954
0.1903423124787028
1.3252449144422873
1.3702086594285465
0.018789649887405672
0.22106589221537765
0.4942341460671385
-0.04238623511594282
0.0033643881443346985
0.23513447511766164
-0.15884426425009854
0.14310142973209777
0.8733852627238082
-0.11352942450142008
0.7911047932847126
1.5052990455143649
0.9338013198827042
2.3091502904764205
1.9671645636228954
0.9731640484977316
0.24453052253470214
1.0868274453796616
0.3007452400043215
0.8591890792219639
0.5402301806128551
0.16241217712661543
0.6885776267366422
-0.043613232757911374
-0.03694559646475734
1.8755121671402268
0.24681977092591867
0.778365979331377
0.3361889591742586
0.2506706032820896
0.07571943986937706
0.5857369643946606
0.4322762152947361
0.7401326566217207
0.5286305813460096
0.16998867473078894
0.7349194392686038
1.7896684930468532
0.9569087996205573
1.2655891923192708
1.6092857938833525
0.7739841981474732
0.5355214701279696
0.5404907487854743
0.7865290835661464
2.0828323407747993
1.4027407570010102
0.6055433192164488
0.10595754244081547
0.9719649448825407
1.1663037339858748
1.2338047082284693
0.992817203521263
0.28860765035758457
1.6335564448309239
0.6418339006408654
0.5238010133111548
0.7306604008584656
-0.09700624919462603
-0.028139357515002978
0.2810758851461805
0.3060738764607219
0.22494317841096964
0.7776177789942053
0.5929114434834007
0.857551457981963
1.1084024392582614
0.8215026209821849
0.4866469746364064
0.4876675816121267
0.14372490718038716
2.4858681314377384
1.9859233159213623
0.9910369273590317
0.48920032792980095
1.6033834484923808
1.7007754761840457
0.9960230257399627
0.5711045354414034
0.44660382201415877
0.6856295702844147
0.2832333846268576
0.26991451294443514
2.4252887791953426
0.162078892254818
0.8327639564752061
0.32722792952707647
1.128537518111566
1.1324326067164532
0.3372117226543437
0.8066680065488517
1.0719581679081602
1.591586935619488
0.84199219495624
0.18519979528307626
0.5112194236957606
0.8978714910058971
0.11374064547587866
0.26703401945865957
0.697103634212536
0.5833954310384949
0.46788719859509476
0.23802831702073027
1.3190697825261586
0.16587048784385322
0.9678003597638393
1.100838244717446
0.03008807969535051
-0.2614827173077458
-0.25763528789066714
0.615839330293152
-0.012797887950400936
-0.08714091719412934
0.526120451242221
-0.15013933792530873
0.15327596683248843
0.7991935192694894
0.40987935549169974
0.08582978674774926
0.2880295263757107
-0.07702648430951592
1.4021814336635245
0.578640448619585
0.9088897894615307
0.6366083058579253
0.4329415448440052
0.3490340974818404
0.4093207173492891
0.640040637682473
1.5464036378846917
1.8502502431046746
0.43817159796602295
1.9100981380705928
1.3424553403375732
0.12433540835686038
0.0689836445335558
1.682668348226124
0.6336914877630603
0.06017326016329411
0.20169424274469694
0.4324350226794228
0.07061657495292954
0.13137972927941582
1.2720398342774775
0.6526576815142405
0.2816347873775155
1.2010716146395555
-0.6362632307117658
-0.29850255638971196
2.543959637901507
-0.265091567302266
-0.4643043989779998
0.13514259334022416
0.5327112577770835
-0.34810510429065095
0.08396506002489575
1.2153528617835894
0.3350330178216643
0.4290586591298576
0.4354445188561081
1.099369139659305
1.3668733827948745
0.49813001290202397
1.2301404117109094
0.14369771041617221
-0.15489976509355852
1.6993819652827558
-0.13156072603978408
-0.023255981305628465
0.8251218212243359
1.0640106680457406
0.026445585309336106
0.4976846430921501
-0.5946648363377915
2.7798898153364355
-0.004091387899740846
0.40464101631410215
1.9349857238554862
1.06724516023516
0.04518892709071141
0.029105165104203523
0.26968515482434235
0.7937597780676962
0.1082306913350233
-0.12862971098830617
-0.10061183408145043
0.4872187604566104
0.1153375574688067
-0.04185249572558446
-0.007724828683574717
0.6538360507093807
0.0037114433086836976
0.9617554678326854
0.22321527930768634
-0.04669541508495647
1.4953483455545387
-0.10307511052510836
-0.03332468481493379
0.11896218444903185
1.1762302653473449
-0.035084973675477936
0.42951465681349216
0.9484442493873975
-0.1774459358378647
0.7224639079880558
-0.3071776174823195
0.334382391149685
0.04565086329353829
1.4905776645172637
0.47676651261752057
0.5281625435141833
1.8639876692060198
0.7409568079450533
2.1034848548961835
0.9202366562921775
0.3644533584427924
-0.2448050403444489
-0.10992884930005023
0.19746179433141325
-0.292366330531494
-0.1273710458796424
-0.074297276330096
-0.20329234589720585
0.782808169079191
-0.6119901899246182
-0.1337143644771744
0.3906495844294794
-0.33067804967211534
-0.24895597560239835
0.8331762744519932
1.3289200782311374
0.3157974799840745
0.3387118097387835
0.5832518151715653
1.619586691892192
1.0356214812755795
0.7943710357478786
0.01515889588598502
1.0769133970090907
1.7812616850882368
0.2507974680132676
0.946402285826234
0.6708175562715727
1.4784602988301154
0.5442648593496007
0.7544644150476596
2.281435713121726
1.1120705180276165
1.3833244904210278
1.2153520979802472
0.4506414758073943
2.6257238849212428
0.9993410566312231
-0.3860506187646456
-0.2723699490809061
0.39116652460830353
-0.17638585757021144
1.6615784765710653
-0.32449214420836003
0.761670812777066
0.35352706288164626
2.351633548751651
-0.1151402711422525
0.5457879788367098
1.4425211482753653
1.5946637877679906
0.333900889216428
1.110781989105694
0.30353404220224706
1.2582529537322553
1.5242242377428823
0.4822941066021459
1.832035541513178
1.0701423013442608
2.2776712711723803
1.917509855596023
0.8020323441918633
1.2307517821784395
2.2865932640512328
0.9176428098974677
1.0865175322952971
1.1278227526038132
1.1945149843983562
1.0891874950404883
0.8015482482632117
1.1485591575647
0.6687956376611001
0.2638212954496819
-0.11244421666128042
-0.13041738706006542
0.0821290154709032
-0.11544670494083453
-0.12925010852896385
2.316009231510895
0.01867084458257309
1.2853450526737644
2.489530736017245
1.155482244936666
1.0198214803219658
1.2234325482819284
1.70444667870963
0.9513557219894642
2.652891479321934
2.558216938493179
1.543015711722299
0.7928069583460113
1.5057637312872392
1.5862522798048369
1.5497903568700193
2.020283751797716
1.0793024644351399
1.560133780569695
0.8362095620305677
0.7841981323803668
2.2421436781169035
1.8174287246902312
1.360769228991967
2.0511760906594887
1.4948497123656184
0.23686440130797493
1.0458764021479383
0.4048869559509886
0.0618555545168867
0.4478184644442763
0.8452268331331391
0.591654827559003
1.3980501421992668
1.5440890076401688
2.1733202224704966
1.5272915801040328
1.9768648620573221
1.5203959159161087
1.5198755738343088
2.0321752902971966
1.0309886911374784
1.8427731433714807
2.46251755565304
0.9889354744752008
2.0202430914750047
1.7838296219664274
1.2075956018295368
1.9466870843065218
1.1354274665585102
1.1010340186116438
0.8959788073786734
1.8225017410078153
0.9719326884614001
0.8619277876269122
0.74756191739478
0.9588223736595057
1.0397232482180208
1.309585321300739
0.764557558303395
2.165457338618319
1.4323104741882577
2.1377802811080504
0.7375597431120094
0.13228471382177107
0.8836387795003847
1.2973478979441966
0.8403983021143908
1.947919779343376
2.021419981771708
1.7321743373042722
2.3019753698574394
1.0608456863958862
2.3592918975008037
0.7751486133546928
1.0899998261376236
1.0229306507989055
1.389012981583243
1.232596249161646
1.9724867354847295
1.0250186557380123
1.5834877712448054
1.985308848444493
0.8508375100197677
1.1235554640257597
1.040290576131295
0.7753072093499429
1.2290306422788475
1.2155207563349226
1.6054520797332952
1.8899458978690742
1.8950829892088619
2.7458236610718205
0.9724406939150417
0.7341659843318202
1.2836555395596836
1.1644678744596908
0.4223398971737161
2.3462270904027474
1.8088268270702679
2.002630661742008
0.7813530262351672
0.5208279428468334
0.5933910800228294
1.51925918417526
1.1670189530873563
2.894765485017154
1.9663609892432592
1.41069097619653
1.4791119824689052
1.1262660664953894
0.9151975774738249
1.6213055161799572
2.607169352321684
2.5888030741368526
2.4694991784261613
1.0566326647397324
1.3264919216922046
1.727523353860182
2.212801670449761
1.1834095879245354
2.8758226304976406
1.6091519646919759
0.9091925517846543
1.0844389632995062
1.4861888487880552
1.7374891443818559
0.291047073911259
0.3073596085862707
1.2991882251081681
0.6080867326967374
0.3616329932644016
1.2021506102056396
3.1863296508983048
0.8456699822805896
1.392067670001271
0.9868342953115121
1.0254392010524054
1.3953707908240716
1.1343847739689645
1.7892919839161552
0.8939317786468123
2.0018826473902225
0.9808328091704972
0.9311587552191575
1.0204776632632997
0.8219980090819798
0.6507321587413889
2.176384877842751
0.7077942601073618
1.6390672634555137
1.33778881793216
2.1027912528846087
0.5667671391039343
1.204319134591649
1.7311601789191984
1.98964081716429
0.6994677454715101
0.2782105873416768
0.07545391043648185
0.605376397321512
0.24295583280376007
-0.23298136849905188
-0.250649223820529
-0.22206696459267375
1.6234146375582035
0.11908247120054814
1.4008151849192028
1.671388024642686
0.9956424436119322
2.5449939326473037
1.3098253103774007
1.2729698037369572
0.8880939986890397
1.753866630956792
2.0462270703737495
1.9895327906534304
1.7966297093389016
2.3952651398857423
1.0829808280398985
0.7953954980640986
1.396363795066991
1.0791149773026814
1.0038287236375638
0.18696052667704785
0.6361581566791418
1.5832820799547331
3.031923810515851
2.32152429329498
1.33158658807686
-0.306361338220365
-0.061721799190897056
0.08843243368440665
-0.3003226821264915
-0.3718079861833912
-0.26170978337320666
0.6185710683241858
-0.07623036984630611
0.1845989424174122
0.8791696995770449
1.1883942838417538
0.7239216913631092
0.655942537892546
0.4142747988183134
1.3087221379816187
0.4036149997131256
0.6966981195422326
1.4931444715364428
0.9772789934873825
1.6370198699838416
1.3346244516129848
2.5767974486109324
1.8292967452546829
1.024381055847752
0.8271627780159734
0.14771584317718647
1.3985321550865673
0.6603026072056204
1.4754584071600698
0.870847683355075
1.219883627241555
0.339057699904954
0.02694273677810836
0.6530299592930192
0.47450106002167486
0.5055715266254369
-0.12814151121082568
-0.09071661898443478
-0.02385219650757714
-0.01646900439375074
0.15628404250776368
1.291559242547771
0.8073290279645827
0.5852811932691083
0.007738912024604493
1.111976497462295
2.093855696182231
0.9110618482903524
0.7853675296006324
0.7895924386946801
0.7304803735240761
1.244807312018185
0.8578677205685885
1.6467700729600272
0.412245351230738
0.29938510955641057
1.217324381420834
0.10142535077709011
0.2010294334269004
1.390327430368329
0.4660486052339909
0.6673297953573974
0.5822608812305405
1.1156051794165132
1.6944788159216018
0.33694132283799477
0.29269283164406074
1.3562173600341363
0.21965706144649155
1.7742461341475424
0.9964505109523747
0.27813203514973234
0.13912989505157414
0.34066206580836955
-0.09403070666913374
-0.08531618755210306
-0.4153076292054184
0.37019268624088264
0.05952845645977246
0.7964066381170589
0.36423303329168005
1.5841029883539257
0.5866273488708048
1.2428838755932932
1.6001050144622349
0.5594209803529037
1.1345101201004617
0.11586024245824059
0.5986202742330893
0.6499885450224542
0.4956576617258378
1.2532333647071319
1.3340361180516915
1.502700175456178
0.08030750559979281
0.40931716938088675
0.10604708506379369
-0.08064603507572941
-0.14941352892537968
-0.16622379887371827
0.4807031809515959
0.2136770889391059
0.8263950626780596
0.718288961704781
0.49183669021670207
0.4448994041035126
0.36304032060777547
0.684353756410793
-0.3008220512074459
0.8328706006720964
1.577623477304652
-0.3205542331743867
0.26550934191951137
0.3048504897418003
1.0577755018084456
1.191259519091277
1.0253162203782813
0.8473979440808151
1.1818812751121486
1.4036438453175017
1.4042047929307278
0.018591210911924456
0.7134275927956717
0.9248431130663286
1.1424953321154951
0.2114466732725128
0.3033452085020031
0.361711521438984
0.9408857478726316
0.9213987703326871
0.6180899831892376
0.0970923293832915
0.576001022479818
1.6192638126433394
0.0695407107683003
0.32032443160953133
2.072634687227923
1.8304844738502135
-0.08916952854264845
0.9870638106756036
1.5604258156648017
0.9407335435462463
0.9723289808944041
0.11915474667786882
0.7362605503379954
0.02865925065049254
0.5381745968588126
0.029297562916852225
1.225577116752372
0.6566780349166833
-0.01843381193258626
0.9175296922640876
0.15125625336897522
1.2038751899179254
0.005264089626961841
0.513771589360959
0.9622895343722998
0.810859559887892
2.5679822828286487
0.3349297083647706
2.0830947581895103
1.0766794769414358
2.019318140835605
0.15034074734032568
0.5470813864566187
0.591514151929089
1.440311829432324
0.7473786472348303
0.7829869042059133
1.3558501725909036
0.1575154863309943
2.001552608773885
0.31711123582185835
1.0015393276836289
1.1430608589912477
0.20254345226294793
0.21644174362178822
0.9420022867066749
0.031686149511539495
1.236883974821147
0.9458229946837463
0.27282685444784877
0.029131992570504996
0.044196762171384255
0.9260686009185644
0.016874721824801358
0.5549224609803963
1.1684015185592715
1.5252166604520259
0.798430448117884
-0.05607441995571764
-0.10714002409640211
0.20002276546302725
0.8837977762920806
0.5697510736453013
1.7841650797889166
0.5024858859440288
1.1712064953878594
0.8658140260481904
0.22572271292533438
0.28940642521254367
0.16158650502257355
0.5206906138390102
1.1065657733275196
2.247804159603318
1.6072991361558626
0.6533097029150595
0.5903201223993331
-0.02865331486337501
0.03734351863278748
0.24306566176988645
0.5351645703369518
0.5557182713126118
0.12550851980404143
1.5614942017974944
0.4052167615082027
0.10503111511038853
1.0099901405444336
0.28177420831727884
0.5224148320801033
1.806733150376989
0.38869951082539334
0.4672304381113839
1.047753678992778
0.38590524444235175
0.5523529384032987
1.0260676427231876
0.23571206068108722
0.7531048984954033
1.1665491482812476
1.0701006685940413
1.8199298244174626
0.3506364280430921
2.0727333379644857
0.23301541556063776
0.6212228153286394
0.18476553322561678
0.1528025386698188
0.7948075071203229
0.7915175982250637
0.8174063010952137
1.2790375622741539
1.5719012521996891
1.5628052603664313
1.9887492087795042
0.2580470975161745
0.17664923625293977
0.1071610005041702
0.7545893885960036
2.063402251204627
0.38182799481957425
1.7270717093776526
0.06732480894701803
1.3496601477581402
2.3199009830411685
0.7144383290447333
1.103650990632556
0.9298463274577663
3.2466019447608794
0.5113208633521926
0.11970034178688382
0.5705530758334553
0.5439980683087463
0.46179924723172905
1.691052779445777
0.2909463508901141
2.098345454218814
0.8339366592246035
2.4031186920373946
0.30055523511474924
0.6355746411387045
0.6670115470827501
1.725930379104859
0.6176698671909053
1.1424917025462398
0.15881748545697788
0.041121095698339806
1.7019716952584487
0.5271047675997184
0.4165401564870016
1.031550960322382
0.5152614350432368
0.3201157379671265
0.29451298531163134
1.141452454817064
0.17404575470556602
0.511978109303172
0.8689115767792573
0.20922090291612683
1.3864672830907836
2.1681018407416164
0.1492706833466642
0.28324508173831836
0.261738289789586
0.9634752270293194
0.602596941503294
1.4131258914615556
1.09354316597277
0.143432426323099
1.5971004268352686
1.8691876053406151
0.06228636419330546
1.2923351881046978
0.4894217966189962
1.0430935610636465
0.6320656312831732
1.0573287157606046
0.7219942520349405
0.8820158727772677
0.26597665180478014
2.0422815241343537
0.030751551219899295
0.14439053896888793
0.6345496660724703
0.45069000474470194
1.8756591403280012
0.1873411069101038
0.898073476201773
0.14129338203329153
0.15914789743229338
0.3851656314939143
1.607121752532635
1.017494202273672
0.3781935218108349
2.0857485560943703
1.0033447478033672
0.7832484192831519
0.09559158720145662
0.5970714883406752
0.25190407544546645
0.9605910880360772
0.11830455447601292
0.9753451739971308
0.6888575919481061
0.025495656693026773
1.0820307946918
0.13358312351864074
1.4044672659309556
0.13336406858686448
0.8273277426786051
0.5500992311107337
0.04420080851676394
0.31882355990442973
0.4535007886931664
0.5991413831237989
0.1411088091256362
0.3188601017765293
1.3008249980177224
0.40519168825727314
0.9516804456543604
0.40373815699461063
1.5015758046563976
0.7371898933651625
1.6628555536037035
0.09217314500162395
0.1494519598640332
1.4141383686033464
0.920529338367368
1.5068699324046368
0.9200301258949514
0.5415143383986343
1.9977075683860535
0.12963791299573263
0.6450262169400606
0.5536457311349694
1.0322654970620584
1.0340056135047495
0.6284321964240884
1.9716575190978334
1.1551893545247827
0.7120516023179725
1.0073534524306929
1.5545154406194635
1.176864527109087
1.8061123117994804
0.9949339033003674
2.0232587771532233
1.1292540445936483
0.8293364950620249
0.5121219313136404
1.037753990665199
0.10137452575960357
0.25131884442257685
0.4362438457779351
1.4060378965947649
1.13187110328841
