1.0851657480406967
0.2569759068945199
2.045350475413192
1.3124692068415336
0.42108018435905714
0.7200231855001966
0.514693240178674
1.5850055878883844
1.388776281561329
0.25701956140948334
0.4275943846080889
0.2802862789855703
1.5556423823738144
0.9391180426451238
2.5389353961894727
0.9037011423427868
0.8314019953565476
0.22063206651539677
1.0584229402084573
0.4705361803578142
1.0170636864749396
0.911537618309395
0.31509217441266213
1.3066871190959788
0.5349417988861354
0.28882585030607255
1.1659164897763086
0.650704015251465
0.2519299345111839
1.594008909899411
1.3228225744045512
0.36358286910629434
2.555923934340684
0.8382775866863732
1.325966943165658
0.6025460949944649
0.6819905278754906
3.01680704042961
2.099825155101734
1.1546670504578593
1.675302228380807
1.0578711163038383
0.17644885377882455
0.4735420044239525
0.30461868350517973
0.5654763739481904
2.4548502599643705
0.5333733324200671
1.2270314531641437
0.24458415726739893
0.37365502895168806
0.4194618302844872
0.8420722721691984
0.3298065517923718
0.6087613969275271
2.0368275062128682
1.8692044856304593
0.43178699441553203
0.282701640206357
0.20287528682224285
1.148400265310571
0.22232685035358288
1.6503980968646381
0.8536922180882487
0.6359793225356569
0.8130293859897046
2.8297797125026913
0.6236886229840872
0.2895470642935688
1.2566226522427382
0.9485980703494794
0.18794096438500782
0.7777268203200253
1.7131328645182289
1.9648208722582667
0.8597794960344762
1.1865055268624656
0.5093590191884683
2.128198373873409
0.16265767334009024
0.5867153027956572
0.7546199627880722
0.7527288658079007
1.1903921188194677
1.101416446450611
0.1777657686314348
0.3371351360058953
0.25251440243888207
0.7748740241610889
2.7311621502468557
0.1707178224297138
0.22858260917474288
0.591128427187936
1.2517728503502608
1.2657251959665925
0.268296528645899
1.5919295729431489
1.2414737064458035
1.1835934229513754
2.10260840877346
0.42815495274218246
0.8161117005161951
0.6103957099771107
0.4101872883193937
0.5374710683396351
1.3648474982657048
1.1425628009344482
0.8719262762461117
0.9106912047999184
1.5147505137326474
1.2095241657884281
2.5852285322297024
0.79110770072568
0.973321299614986
0.63679122296081
0.9361246668388556
0.43674207832448414
0.7739618698316011
0.9106251991664407
0.5000142403087374
0.7257562017231747
1.9742443218115568
0.3091763823768556
0.3325935093317706
0.8264708429415332
0.47736632450417305
1.3589228175900196
0.43181597837444324
0.624114886089887
1.0500852976414778
1.3343345740816128
0.6389018724424556
1.0195935264496518
0.410600144990398
1.3599855451708047
2.0286992241209933
0.18513207442088053
1.3849482052673854
1.2878637594265934
1.9595843760956104
0.19722069448508228
1.5905874706862964
0.8882019381392225
0.517273671117699
0.662836969475816
1.168375984101388
1.4074487689735227
1.3625949243767692
0.41934872004842405
1.5170482061353603
0.5009579654607754
1.0342973122741257
1.8991667728542085
0.6594354275368701
0.9847378737081194
0.6559277165581336
0.7428186562151088
0.4780567003503911
0.34425073690234925
0.4007046438940594
1.328946167833061
0.195701977206796
1.23654201110718
2.1558066379795844
0.18657672401762082
0.5070980324432974
1.4460224068067773
0.6281719348221104
0.846892523830852
0.4586857914661823
0.23866428846160836
0.22551764291224116
1.2209436069961648
0.5710699691486163
0.6720609565908333
2.3455744715277
0.44358439843208536
0.2883483556843994
0.6958729795279596
1.4748113051612277
1.3647670948205304
1.5352861708641714
0.32853795330233815
1.9412995325800368
0.15599537255558724
2.0252076709618057
0.6692151372081124
0.9715347552075585
0.2600432553036572
1.4377836672018456
1.3168645984378415
1.038987035372188
1.3749619558234227
1.4605929727638367
0.7659028524260632
0.38835612399415526
1.5749769977616603
2.213843427308328
2.2464620505638377
1.726278513146428
0.6631849543551661
0.3913689190340627
0.8811877334157568
0.9940281879549804
1.3191266854149446
0.3687596258752526
0.3345342553814268
0.24001929655705354
2.67169318729736
0.5709914658010133
0.3778868407856649
0.776677841621583
0.60184607405251
1.329562525624744
1.2056792947444783
1.2793151646688496
0.25341362257245276
1.1505412179409646
0.8862034387330527
1.731467371205247
0.1681612173193608
0.3557505920591899
0.37796020487619714
1.5710429091850395
0.46216674918637696
1.9084411641177867
0.3008535274660335
1.6387217313218345
1.0987324709228823
0.9280007453754071
0.39919868385907187
0.5550884390674644
1.0229625845717667
0.3577756759724166
1.5305759239376657
1.2499523655748235
1.0379529261082918
1.579029919668344
1.7454609118179534
1.1886029470836479
1.7079508703661561
1.4151586200881452
0.37723390352092606
1.012759893108422
0.7186871798813618
2.908853361192395
1.7237696768696318
2.219706421212969
0.18738436099641884
1.7535784609117886
1.5841893179873285
0.4100432638472833
1.8738428954567177
0.25228347649191357
0.7407467406197804
0.46912654000185633
0.20412238638605856
0.5802327781015985
1.0174856250604551
1.895955044511003
1.2566769491731689
1.341065513866459
0.6169248769155995
2.0613200895093
0.839391714559153
0.1470832989451403
0.98749062938606
0.541731207726441
2.29874098224216
1.6042771503321
0.9659173613308787
0.2927372057861553
1.1961835876073843
1.3601444481683507
0.33606065636723564
1.232378675866558
1.2760865790428078
0.7133908161563883
0.3290035268449733
1.7073947312928106
1.0419218804795782
1.23592926634126
1.495513302039077
0.4546670102141996
0.7158385254114631
0.7581745478431775
1.074849274590119
0.17534600548128484
0.6246646684554991
0.7474368120653828
0.538140942522442
0.4143073425341061
1.8469168211500642
0.4349118247727178
0.7642647019287075
0.6292375808673828
0.3242525629365789
1.4808831520408976
1.5972240875299177
1.5703312999290828
0.40517381581735484
0.4483440826557763
0.726894616820114
0.41862361051192154
2.2945222110055274
1.258448198170135
0.6810686829166072
0.9057014911094837
0.8459967326142543
1.0582243223737053
1.6382108949589398
1.2377552266879521
0.40126217138369186
0.7975651706656139
1.221686272173093
1.1263734556016018
0.985619431494897
1.7320107320695464
0.6521514149141971
3.3272557936163403
1.4899588567832884
0.19111096652554804
1.987213093491226
1.1571894416257629
1.7809467946662891
1.061399831106473
0.6537479850777956
1.1289298731761543
0.6277587057210781
1.4591779240105929
1.6935931399492032
0.3255192526648377
0.7563226622987166
0.7014681510409503
1.0184800791827036
0.8550183162355324
1.8199888785264828
1.9533511653555242
0.8642009262790445
0.26189751372388187
0.3585076498067816
0.8372072439422009
0.26316063571305687
0.3616349385679562
0.1848043785382073
0.9919352760510253
0.2880776164266639
1.6956814804991578
0.27201034676869373
0.4707527122093583
0.7829697871517467
0.20650864436975636
0.15177627503782282
0.5707663754861176
0.2779050104986503
1.4229097420736594
0.867732247889123
0.2887596146403281
0.8294839022361797
0.4043126485923233
1.0024930877835285
0.3395720001645574
1.6756530842140487
0.38606101601190834
0.5434589056674727
1.2199336290581548
0.949809622237438
0.6287277239853047
1.021770992425883
0.27828886722694773
1.6590698167499802
0.38951328390402035
1.1284833507613656
2.114937435855768
2.0304795069523935
1.99834816706571
0.5199309294139491
1.577085613016157
2.5406351433013614
0.6321820766004889
1.4912733868660777
0.24379965746965296
0.9699011814955093
0.4625002111595102
3.0501549757286295
1.9658925267325091
2.2142553473519087
0.4632816437440826
1.3044528978193617
1.0761375758300424
0.5134612059216863
0.439991522644891
0.20585261940542576
0.31874259106680264
1.8810457624957286
0.620211954614877
0.6127925857809033
1.3697298593860763
2.131832249252862
2.041947940534058
0.9451070236031586
2.0777214077149577
1.5679015794582787
1.9017464680600915
1.2796471736421569
1.3074413624033685
0.22188202539316032
0.5692127195755204
0.29956175844299193
0.20962825727781648
1.417533531060975
0.6437481946555167
0.9125980483309216
1.5571247751327977
1.3173164126791095
1.0313862516478203
1.1297127566938543
0.927360358818622
0.4281539223959908
0.16420016777253726
1.7927398730011113
0.28000565124397625
0.41732264527519053
1.5409582920718963
0.5751472691010167
1.2775629078078876
0.5796493171232715
0.6318340642954434
0.482629963451462
0.9103512471243785
0.3951471873929047
1.0582344844167129
1.5350872511606815
0.7833274871549409
1.1219181280554462
1.0216694835465785
1.5438405885355253
0.48855663502241575
0.28654082723633395
0.6281156303976758
1.0852169609800795
0.38049470363519294
0.6760151598558727
1.31345274785502
0.4005713062044205
0.5730620074964058
0.5128656017836748
1.2584598641281257
0.7157160426170203
0.47719773917056163
0.18504011087085162
1.4066325377474072
0.867500310195262
0.7857083896810633
1.4473128127545283
0.6287597370399698
1.4897506666171838
1.2221051382701569
0.43381375635052705
1.1653653219536042
1.217520864281794
2.6164122039927267
0.645692888347974
1.4604390923197492
1.543487987752468
0.3504646719129228
1.0471121970244608
0.8919968556873363
1.8998831731216406
1.2314010313313475
1.3448355374579954
1.0139776199773607
0.5656466887705992
1.0638869037677614
1.1711903716951844
2.281916880800781
0.6545217802963544
0.39495398097364937
2.236841366094123
2.138365182436374
1.509633517060264
2.418052407925015
1.364279767143375
1.5915483997524966
0.3158918455030275
1.029006280585654
1.3221720077512447
1.5059402015863677
1.6240159146021993
0.7071652704943735
0.16344079795396188
1.2573282857750616
0.285340205757521
0.9720706035509644
1.2632119507782782
1.6212456331837344
0.8667727917911087
1.0461215493513831
0.2248890967876443
0.7050780994632052
2.072415086687509
0.9605145749083855
0.6581490322195492
0.5242297633581315
1.2743090233234946
1.18985092719362
1.4845077999380252
1.2712399941578747
0.40678994131433116
0.2423385172508314
0.2186084585512996
2.2597550747416943
0.3433219497366585
0.5065448526973959
0.9825818721076587
0.3760422049810318
0.16061472675908034
1.1674212476508283
1.424390403967705
0.9006745855317724
1.082796998562612
1.0399216473284696
1.426442380795
1.6364976953512327
1.861927685599707
0.9600760102256513
0.273483766870895
1.600348369495715
1.8626360304802674
1.3951973735063212
0.9530727198284766
0.8523078436922848
0.7399069668552204
0.9508942228163131
1.126872463412774
0.4574381370492585
0.24267491751348427
0.2563823726012233
2.179971286480857
0.4956465699733322
1.1209037262693942
0.23462031510173567
0.8937458210738386
0.7501366348332992
1.6659103573218772
0.6624203043840524
0.49178940775860297
0.39953363144438014
1.346465942634615
0.6366023184721656
0.2819157819066862
0.7156529902487974
1.491977765551339
0.3730066379105397
0.502570943463341
0.3342905684027296
0.5142219236131979
1.2019827146692763
0.5087578743919385
0.9365061197894726
1.2814181619577663
0.9377404385464878
1.5925235328823477
0.7185509770966931
0.18172395314693793
0.16544857999717907
1.323997773078446
1.4007082571240292
1.974132298577459
0.24096888098705835
2.6438053526735086
1.4601495030545866
1.1060844942126504
0.5184374913334746
1.9701727816863166
0.7965774887325051
1.0914926815775408
1.2628711281180505
0.8982868010472785
0.8173102892937331
0.9014372571564908
0.2850146863238803
2.921200846510381
0.32018320894663577
0.3151688089715794
0.5013681318214436
1.273995467393828
0.42057931946062177
0.7662743354927521
0.7002913326867558
0.8380624619681555
1.58429787826814
0.9589555174649605
0.361339130588665
1.7596193805916562
0.11054438530296341
1.6698047784137302
0.3258632752540984
0.6992072609981068
0.8035693605000922
1.4079778454192777
2.3972599778074453
0.5208897955586731
0.8584573027264715
1.7913805401693945
0.705250063459632
0.8477289224447837
0.5006323311739852
1.9313370634208076
0.8003870041362319
0.5813665884916811
0.5816585161551705
0.95471436790385
0.7386132242619625
2.3490257757847055
1.3901522151992263
0.47665879910459497
3.1070230400474794
1.1081325966222821
1.6847442362676697
0.9995728651665239
1.2924890878263717
1.2840174868739516
0.9676967228439579
1.7370937210377217
1.0261285537023042
1.4556286928518034
2.2177206641375715
2.117471368799134
1.670408268155659
0.8445421251571973
2.6481748418809117
0.5223649258768905
0.8267420890136795
0.5417255171449454
1.4546864793189243
0.9336860376983
0.16818359094490629
0.26034037591651726
0.26412159554819986
0.6969396177690412
0.1772915738863473
1.5328633829759268
0.6133641617842353
0.2585854845658088
0.2448050251217477
0.7024708051726116
0.5869690370113093
1.7632733136034107
0.37534626879202204
0.8462068933409226
0.22772074510678705
1.8404048790236696
1.5072437278367072
2.0842741573815555
1.6466265516748135
1.7212653584675224
1.7477620127418414
1.9148673389698547
0.5436832209881052
0.43490062632980564
1.4785586046274841
1.1227223288645967
1.356198899426695
0.5751368382207456
1.3135657592669658
0.4249127302222875
0.7294481432006851
0.5402032196299708
0.4963465904576301
1.0620483882732417
0.8332365915055533
0.4380405345796913
0.5101733979406143
0.7798718673647663
0.1569728661396384
2.334242889361335
0.46366479702070384
0.8686893286064107
0.27360803105575454
1.508279697875239
2.0949539326461286
0.4741825169870621
0.23770452311106127
0.2707771657395732
0.7413039761682086
0.5986046554335215
1.4845244150905095
0.40702945585325573
1.6480254100084606
0.33525032822450573
0.8339786125709795
1.038813962095754
2.169878839779102
1.3401986420675052
0.7213599393669469
1.3990464450793532
0.3781377331616255
0.3639960776723108
0.7182888009283033
0.1824392236229615
0.5776908141883519
2.054597319538331
0.16318293793665978
2.0764711360576484
0.3211513515794154
0.7144757073639952
2.344402420657399
1.7368066109830231
0.7206679560613115
0.15121007718528148
0.9010294170167102
1.3853391278627116
0.5613501658972162
0.48549884088029394
0.7457865369200628
0.5290136915690327
0.6999587448864926
1.890561802374794
1.8231220194705333
1.0761678543303075
0.9957566138128593
0.9614612951706779
0.2714830155025813
0.5744032978557514
0.38965270495361587
1.0183246010722253
0.4550771905039838
1.8385164129754694
0.8104383603805806
0.21431698868938867
0.5999828643941765
1.1514279621209336
0.2203429186337741
0.41804204830302877
1.3618831208162852
1.463568869595548
0.311614995843618
0.5234104874279734
0.42452430499304106
0.9150870756573974
1.2680817811263179
0.6595681652471248
3.3840579285950834
1.7787774751278034
0.817155662824439
0.6993089551164682
0.7250196644319803
1.1557718325695832
0.8319907756056476
1.9563617458436084
1.4207255116667792
1.0114960660328751
1.974013235117807
0.4586591794797069
0.45405215854151215
0.5472626274574607
1.0151685560022834
0.39469260589875915
0.4457416368268506
1.6202767225074484
0.935297687593689
1.0030176811777316
1.8317953578946142
0.506789026638724
0.9736408804641588
0.6300665738348307
0.2965077525020053
0.3090984229476183
0.23646682570297098
0.747040567594689
0.6480548951059395
0.6937678596983902
0.5140101442140165
1.5818486769434936
1.109459793355736
1.4192793648080588
0.28534518623487537
0.3516447458912381
0.3371128589169514
3.619225437821906
0.4554404141493535
1.438967312028285
2.7623917987102606
2.2433756029417884
0.5805224053984471
1.503263946203054
0.24172257176594195
0.6229379284928379
0.3385232923430544
0.5189815236339472
0.93671981328491
1.0074207623220035
0.3205364300482999
1.0032466893925782
0.2884642193331235
0.4636142616316542
0.3860312189028459
0.9146655213794157
0.5133626320682325
1.3490645644363386
0.6585424430468657
1.0842975826288777
1.3535870722084309
1.8343129971342058
1.0463853945248263
0.3492228286291274
0.3681129657390985
0.45231361860871366
1.2998695836842742
1.6270686964423877
0.3136500308250183
0.6529708093982917
1.4648919215749794
2.305570644895265
0.5202257915509158
2.135832297998141
1.6719132201820266
1.002407898110181
1.82628060484557
0.5141359186830633
0.41768044335953114
0.3534322888283074
0.5824829460222586
0.9355518773116528
1.4910611970203143
0.6142692420080074
0.7181969495108086
0.5455170073195044
1.3745844853932871
2.653438070282764
1.7663623951266865
0.4200220068010162
0.8567543936232914
1.2258501310867833
0.5666772800485367
1.6163870920882029
0.3221728787093472
0.39078529718873345
0.6178151783962018
0.5321029647158694
2.0701989141681807
0.8344389399078377
1.086257143291457
0.5988337269611573
0.2982612364437478
0.29242639681656263
1.8572856205836221
0.6936817608268614
1.19976418519308
1.104423466435952
0.39800421945512593
1.3154377106330901
0.9337542717304153
0.45175931176004014
0.964777548787374
0.3482981883532605
2.546423655826947
0.9129859381949409
0.5347963520231052
1.099961707747831
1.2534886276327293
0.8766841593802865
0.9369639292381011
0.34393416117984804
1.5957055065756667
0.5206861471782996
0.8986056975619886
0.8560098360037731
0.5820637390476376
0.6924577617003977
1.2587224333696783
0.9341969076333796
0.3003750604229984
0.6075981070162867
1.1914231626549083
0.3231859149963004
0.4950805972211015
1.4404556674600886
1.7455146511449817
0.6593877920424632
1.1410565030796858
1.5803255471710782
0.694271352266905
1.1783429149621174
1.0632287835537908
0.8481238093786277
0.5949230047958889
1.671776609764021
0.910442132594178
0.24048527265393962
1.8440063318289022
0.3416641659480893
2.3956089712926634
0.7091198304621951
1.3442515434486195
0.2875178456496552
0.8155005492832872
1.5786317820336453
0.6142494349457892
1.3259983437224356
1.3470878194415854
1.0472200354084238
0.5741378629601294
0.6227603005951344
0.38241658427552255
0.284957123617809
0.7566418555114054
0.6509367724227494
1.4990118526112555
0.4983405850154312
1.4735279594578274
0.6872836161927637
1.9503785663485482
0.42808447431979496
1.7645795216291442
1.6657015008678346
0.6797879193124722
0.6264443139505426
2.1930743380111295
0.6298274740595166
1.015447469241735
0.25965337690394735
1.3299517056202643
1.2791348203085569
0.3597750942365311
0.587229013480883
0.7268344516425385
0.40971757980745915
1.4549726226982547
1.8749348266644659
0.2981455271993359
0.24432558005979474
0.2842756537167907
0.9661891970484042
1.3847024346328392
0.862194788314403
0.24266860835359688
0.6878015967963209
0.9622453360666519
1.5764058130025551
0.5304165018276463
0.7990866207817475
1.2018520314148937
1.0770214219655423
0.5686395454004748
1.6473145112217273
0.4270531484607284
0.31408273004334275
0.7358551375754709
0.19269085480124554
0.1242057740079376
0.7815646806556883
0.0924840667253835
0.3129053458719977
0.7301317807607457
0.25450383314717534
1.2010025535270812
0.805471600518842
1.1752186752849652
1.0095688177042283
0.7222767608009655
0.657677454800753
0.2322024193388092
0.9616266909983857
2.554385842820087
0.3971725542722366
1.6858522108561784
1.1673036146240663
1.120439292428297
2.706840630236019
1.0225512746494632
0.8362571700424072
0.44624229335300913
1.8510202992275147
1.0303426941394407
1.9989595538192049
1.2013133868613286
0.8567868529281476
0.8988728108072933
0.16383926523111395
1.3490103952292378
1.4326421134864562
1.1595729111410946
2.177998895456513
2.202617836585244
1.0523402259708217
0.5648855216938414
1.490573652765522
0.6477539921411124
1.8167007710251883
1.0843205485241156
1.4433244386450164
1.4655901321661886
0.8127529299104892
0.669628989618366
1.4502415540876312
0.974615497254854
0.3089969466995538
1.272684207584636
1.6049686153801397
1.871952596633929
2.767765782941894
1.2953639841431677
0.1984379453516541
0.2990806019025599
0.5744318200537832
0.9235116444468533
1.0839693549065885
2.3370099752162035
0.881017118758827
1.1823480967018964
1.3422333921279745
0.32782750272816047
2.132454123591818
0.29140856708155555
0.47380812456940385
0.2635925037691364
1.0487879265255315
0.5174115713831591
1.1728968380645808
0.4662845712435939
1.1473303388135445
1.270461715103488
