0.6091232192783264
0.44195967400449937
0.7659741478407215
-0.19063755055072795
1.561051706804869
-0.06626265655264575
0.09642807345329374
3.3181823497755234
0.4466731481809947
-0.1463756828394135
0.7393520469336144
-0.21671992012224628
0.42460004882342056
0.14205329102905281
-0.00541688339469542
-0.13028403127140767
-0.158109170902884
-0.3102141503020353
-0.07849109527236543
0.1064588481575362
0.1756368368789955
0.4650454673467493
-0.036016475068096965
0.6410472602410071
0.5683174965302887
2.059533690558115
0.1862480076636894
-0.12622740426350632
0.13343382472838686
1.3315669636133414
0.5389589768831844
1.3425620391524546
0.15659723871130377
0.3223994396400151
0.29626543098117986
0.9388065488856526
0.49772326197397565
-0.07241268332422324
0.9631030742477722
-0.28751981858338066
0.267155000793695
2.3759611310106106
1.236362307084792
0.4618798157988831
0.31478320965149337
0.35237072662788554
0.2195125134579801
-0.03534741854917082
1.128364800515295
1.6885291822977542
0.16678755310005944
0.7632708658228536
0.9506059538635341
1.166004794768252
0.9270740622470215
0.5084630789531718
1.3295872301411282
0.6240603389756276
0.3819447387516868
1.170142335069399
2.0703046480130043
0.7643947291424577
0.8327772065137011
1.0641140978190795
1.6441964284805817
-0.3439583194036925
0.8051064547827388
0.6433106914580451
1.1699039894006098
0.9064826604242489
0.02258385485555899
0.7819027029020403
0.60835958953811
0.5103193258297742
1.2515142724636612
0.15784591046385277
0.3968136008770841
1.0440203941704047
0.9963587289431658
1.294644056809948
0.3665684532117299
0.2656219940670686
0.35010385622827106
0.03751746051103575
1.008341646297245
1.4349448070526725
0.40484336879190114
0.10999078165846647
-0.010353107949402958
0.35594684233204854
1.2874700779090924
0.2397789615493201
0.8432216951834517
1.3484897084776883
1.8143098068249628
-0.09515961669546134
-0.040185228557240465
0.7497643540180045
2.342562838965642
0.44087674259228093
1.026216762690701
1.3483948265050199
-0.09545839910441077
0.9928523204726932
2.100653926901494
0.5264013193645026
0.5235508131603676
1.6466307583199797
1.4916682469198146
-0.07836845693088082
0.38133599993871975
0.20618764418643049
2.0503214766624107
0.3771757889758072
0.05796697011282022
0.3049469275775108
0.02124755411379257
1.3876882419564078
0.645249450116353
0.02783557501815542
0.1005175535778613
0.7220099018893239
0.49535940321161187
0.46641263794717314
1.1916708743221958
2.2521487711927675
0.37320369169266165
0.03400611776871874
1.727797218955643
1.292375543004687
0.05849796830641561
1.1180066671121935
0.926054187176686
0.9833468988533322
1.5394714713508006
0.5208523257230699
-0.08380363895882709
0.15826586679607393
2.0220011228497827
0.7618778516357544
0.30442537864813546
0.2825101235982546
-0.01297140827758208
0.5665209796413296
1.097674015751255
-0.14760934118111066
0.5835285929637191
1.8233518367607067
0.18958168112133278
0.763537494837252
0.05956528854694907
0.384592455132685
0.2869018700072358
-0.16022844196048247
0.759065763667869
0.8957814559758683
0.03790967863541905
0.8315922364642354
0.3363153626808904
0.6759710335441387
0.7832380963764081
0.5123384702653918
-0.1643460691767548
0.6678343214634889
0.8562694350035878
0.5922305001093965
0.46856555672426303
0.17532013622987852
0.9209665850347059
1.2692352251706616
0.3370214787755588
0.7796607389831759
0.7046150430175857
0.6085811059543186
1.4721992439419609
1.6094147187832952
0.6655718702039651
0.24701602128984224
0.5113561269885555
0.7407682035480462
-0.5782896604483145
-0.6274013400529047
0.5192599438667481
0.24854616606095156
0.04453165574278972
0.8938566939852998
0.5333708243453193
0.7703341422703645
0.5056906490570894
1.3420367419686667
1.179880418764296
1.0298195866875184
0.39485023174329653
-0.012245978238819656
0.1577125951473988
0.4144581591876867
0.6018608789712175
-0.07788806487545508
1.1334132542423225
1.2732253097806914
0.44930353597555456
1.359253068563487
0.48070986779204106
0.44393574335150515
0.8087888986746437
-0.5218278177948341
0.05344552931163901
-0.4113696587201247
-0.034395364307898
1.045906352387329
-0.7464483651519946
0.057732961201144135
-0.5814896670704996
0.2626417148974086
-0.31637825584632306
-1.1179012484503186
-0.7426216680538422
-0.8579502311823959
-0.9269405431991798
-0.8673709802057477
-0.3009539125676733
0.25706147702046256
1.4888355980890695
0.07287383820047656
0.14938055145987203
0.6111412145081999
0.4236876712850037
-0.14784226829321967
0.8978561988178342
1.4933981425301865
0.20061212062362876
0.9789808983307602
0.038031126382226825
-0.6312882663139436
-0.5370885349253803
-1.2396879935408758
-0.9271069971959662
-0.9844962770997652
-0.0779413120004585
-0.24721818345510177
-0.23461008107946446
0.9457145313369363
-0.20057686670147612
0.4439709598851875
0.30179077210256455
-0.7471430352761274
0.05014751687932255
-0.12767254464335412
0.33917838245481946
-0.8714598615057939
-0.4749685743495085
-0.8083029625260271
-0.5669666467290723
0.39679126984932167
0.5421168536283496
-0.017819059655845945
0.5082227476527974
0.76427945080533
0.09304301211334258
-0.10994418258896434
1.8581844898511304
0.3203439450089312
1.2775474420916433
0.10566508218141801
-1.1241588411275132
-1.143066273745503
-0.46071186716845175
-0.2791811765000943
0.49121386036068515
0.4716891707535535
1.4402564539886957
0.46093659508275836
0.90097977898925
0.5168800564512323
0.2532938628239069
1.2184719761625569
0.5006986002045031
0.768144985106288
0.013276775026118053
-0.8532512122709506
0.6307183103911069
0.31516483836196507
-0.1540536431539045
-1.0548017046434057
-0.08736318097637473
-0.7760039293038975
-0.6994785861144995
1.7272925684266403
0.18956021434435497
0.16982674449437166
-0.026447342091163714
0.17818159045499277
-0.09648137840995369
0.1926431074683132
0.6598014455016882
-0.577611323008093
1.1515801587974408
1.932197196422997
2.7956369780139
1.193599905851084
0.6963463328547757
3.436545109340676
1.3770457361496047
0.5223641887518061
1.0312187080661812
0.31831068071202584
0.9346076687825542
-0.00797403146939344
0.8075338274281775
1.8753553796962494
1.999528494873717
0.582592454594864
0.34836540185125925
0.7261659088371996
0.541077867638115
0.7206904491891568
-0.11967476507620042
-0.711240611115834
-0.6227339340223133
-0.23699250475800368
1.6975097036229536
1.4610371459325737
-0.33354385775446765
2.9495779659025048
1.3277564762738256
-0.4233895237505575
-0.8825135867467718
1.063157605693053
0.5305244250913731
1.607896100517962
0.8701646702067436
1.6695983013347768
1.0809937066151387
1.5103813658636183
0.7081290413859924
0.006118592404029796
0.1872509655574709
2.3993580640754795
1.2859527819152488
0.9993335441242267
0.32158692369609404
0.05871771137607324
0.2464026324153301
0.8984739385764016
0.8530361600121326
0.3452390738103537
-0.07811103720527224
-0.8323901390839251
-0.2090247943654421
0.542888304638642
-0.3825936303050932
0.271606055986108
-0.016712647020510573
0.6811448419262358
2.017591338414458
0.3453639667456695
-0.6142418556561844
1.1805106186584735
0.8404903758287109
0.5809030326339341
0.033613740796475666
0.04824014028897222
-0.013026572731142072
0.649425671460744
0.7107923838867666
0.6707305025167888
0.7771267327856441
0.20752120812320657
1.853435893899327
2.3592549527370528
0.13274690129832858
-0.4526568606681546
-0.17666540603325814
0.6094676961113699
0.597038293277078
1.5462228982268629
0.23097306069272733
1.8733607878384442
0.8028613908312763
-0.4525833990955504
-0.6859236343581228
0.6937575136689711
0.40191980035956426
0.6373503925829355
-0.26612287306742566
0.6285829682294178
-0.01845740776457658
0.2747263109388953
0.2016359122920596
0.8552134738182068
1.449431029446199
0.9635669653609175
0.2665665084615336
0.2904615319574888
1.1385883762675364
0.47194347924814783
0.7788163868624567
0.3226842140608529
0.636443028464608
1.4727256360422327
0.367354155081776
2.102798734083234
1.0712851543778878
1.3590574692491466
0.28376619434250194
1.374235149608597
0.8309267659328613
0.25688245436686846
-0.31730710812935514
0.02251391588163157
-0.6137670248921707
-0.9550905181663647
-0.24883760587199077
-0.5405982724561812
0.445815384894042
1.0137564059336108
0.3152599730756287
-0.3986527134837999
1.4220037350695724
-0.7209035601447884
-0.4368420230095946
0.03840694409937236
0.5388992607650305
2.0154773984771253
-0.3181714336119455
0.24326262712093838
0.010174666721861512
0.15992774480369545
0.34592713177417017
1.579931193156038
1.392596239605583
2.867882110723956
3.3969486464261496
1.0225538385667834
0.2060225587198078
2.1185293452702547
2.5156188100717767
1.1759512638050826
0.05010265537461149
-0.15603779169582607
0.3957246367375483
1.7216888891998474
0.33861443643436556
0.8076467324813837
0.8373009110534158
0.11500536624206663
1.706334259663154
0.010971301434151173
-0.17966479079426959
0.6984016147380161
1.3513757552174908
-0.647646409384083
-0.007799121057757307
1.0882519222318041
2.3333280089872757
0.7892214844381906
0.712544710848505
0.659696903938427
0.4988386608415947
0.6103010209241426
0.35450574208932295
1.3988657934052957
0.8762200434562926
0.5598604928461155
2.1858229471886257
1.7501710602785536
1.203819493412867
2.226066730166172
1.0437695215831682
0.9982006716732635
1.2625847345039494
-0.3116366560646631
-0.149474649584124
0.25379503263345765
-0.07249630266857936
-0.24621631983572653
0.8164472845393835
0.24036695354842072
1.3515782297945245
-0.04480570917425909
0.030107770846041635
0.7257017660002262
-0.26231356492902236
-0.028642085764839568
2.2740605766998883
0.309352212786241
0.8862254737001058
1.0509185043741343
1.0489669666798058
1.0913422451991417
0.35262516488016027
2.687546104848395
0.0635066436183911
3.4113577878358847
0.3488407920923585
0.028292156915235588
2.0252471613959226
2.305350612644513
0.9254976114019402
2.4130114606861306
1.4295599799835967
1.041767546113707
0.38013222218212633
0.27173228592624793
0.9509437233204514
-0.4713791379129764
0.15101168773005372
-0.19247055241616154
0.43385672548298027
0.3894910340715699
0.25967288960625645
0.2530136049042682
-0.19837887090444017
0.7062760348095093
-0.5003633459258874
0.19737082557434515
-0.13742603329017852
0.8489686923838867
-0.568477668457824
0.09105474093211298
1.1863749222056275
1.367862599982696
1.2652024338296781
0.654396281210521
0.1409666427944685
1.9673963054589603
0.26020039364033565
0.28438608880599253
0.4290099997108316
1.081968682608721
0.42157279390665314
1.7042439730388375
0.13497802852562574
0.8606727667535682
2.267387625153066
0.802751810062063
-0.5134453144916323
0.0689911555837853
0.6088017808382339
1.560026009622422
0.014287899552775919
1.2504309246685337
0.901063105283843
0.5059095355085002
1.1750101873383156
1.1877832549852911
0.5273344189004225
0.846820164972111
0.04744981663006132
0.42794159896134065
-0.16909587845445898
-0.6110164261158041
0.2733252111311461
0.37755869090498817
-0.012587194448460747
1.3180556745127927
1.0340221543376582
0.10465239307797482
0.07992906683938633
0.10318689223085686
-0.4590605259739047
-0.35741713201272834
1.0619135474302297
0.6165130319047283
0.328791862110186
-0.01128136446583491
0.342475600043278
-0.3026080120210626
0.17093881913377146
0.7326747542766472
1.1693532225460812
0.3637870352238403
1.7119605026535674
-0.3297543781963852
1.51036498199675
0.43027495698637064
2.9810416552880494
-0.2159760356917401
1.963131374610401
0.3444311917546208
0.16954231503050313
-0.10646972838800406
-0.05716053468221583
-0.2554806125237061
0.8344641838038651
0.5975889678229964
0.6172765248847992
1.167362461308228
0.464525238438991
1.4362690570615877
-0.17155008132755847
0.3199612185939908
0.04157649154933213
-0.2767262823113961
-0.018950180831846464
0.41400089152668923
0.7001910247769011
0.7317388842678803
-0.509981922440609
-0.03074927318315039
-0.2958617805388511
0.6351195460087581
1.101869705680143
0.7476925480905652
0.8749469218776562
0.9392423723090438
0.4364940728416361
0.09395131171173189
0.6311220637960834
0.9555459834786864
1.0945826198613529
0.6340692163929841
0.3974126682459056
0.1644088025049935
-0.9180648053271205
-0.07094558811629927
0.10568533884699954
0.4735111609480218
0.03882264497008295
0.5189945517648751
0.2126855359090915
0.9224447952356319
0.2426179050657341
0.1439884979180547
1.674611812295184
0.8712760387177041
-0.7045909096117717
0.36462307023591484
0.33529771026766036
1.37926914688948
0.804839120500981
1.6696877883647494
-0.00814785016972898
0.7731206037764764
0.18206180966598762
0.10638079896055294
-0.19435446732670883
0.9113312666019413
1.1020277083567773
0.7664828590707987
0.4153412798068137
0.9975228482971674
1.3378126344132368
-0.05580444442473979
-0.08311493789050889
-0.18866415472897083
0.8618899226733123
-0.7788830131081014
0.4982949616472121
-0.4559071452284047
-0.13771151624385075
0.5343564232444478
-0.354613391362603
0.3703280528116433
-0.30484461806088453
-0.6315239042895813
-0.09588045231700386
-0.31835113410443283
-0.27823959988099983
0.23612128784051198
0.7305890029914799
0.3324547691330919
-0.1899274297608782
0.023929337243480685
0.9946181211903261
0.6775868492045003
0.007681735361706108
0.1917748392492317
-0.020072592248779195
0.9176097184599518
0.5203467262032586
0.26884206891487983
-0.18495939524373645
3.1673652745809977
-0.21964201569543748
0.2325469239338154
0.11282358699130254
0.48941714376981466
0.08548153932222262
-0.07738330997805033
0.7357498308182875
0.8428849900515031
0.6357857104973953
0.39091227297472647
-0.4938513288292311
0.03465825690246676
1.390059866570177
0.2936380622135135
0.9158793818269072
0.32780996501646087
1.7750446623471043
0.8548745223120986
0.09434519818799376
-0.017551496581007544
1.204420253646624
0.6312089664517486
0.30029087306699986
0.6420562926247301
-0.2249329343405866
0.6351959010879596
1.418700242040714
2.0122965332366953
0.20492336740140044
-0.2452008100342799
0.788068639407486
0.3176132637869587
0.8560349305997441
0.34640589515876274
-0.213667796909067
-0.39577689390705567
0.1319894984506766
-0.13989857604907094
1.2181956494543187
0.421675627539032
0.9919108349731948
1.653976690793195
-0.07751235215536989
0.0831343086228121
-0.22503799416132972
1.464958790109331
1.0044666260499837
0.6550855330855505
0.024511288110709597
-0.23221848459071454
1.6740771850955003
0.18907613910010276
0.44223752040034725
0.43944060195762397
0.6772295759676773
0.7955628035700603
-0.12613094022514135
0.27239365026013734
1.6216137260710497
-0.24939007260981536
0.528792245936184
-0.0932319154600475
-0.1593779480126385
-0.12063936740609711
0.2793725417949854
0.5320612058618595
0.0686918311353966
-0.3224061681896927
0.7977354626385248
1.3360087651351755
0.19508225586968359
1.0086127094114141
0.9030080473017299
0.8589715762801081
0.8591948415116651
-0.058904995993913925
1.2852487127530698
-0.023495847245257967
0.6244821075133081
-0.04088456867990003
-0.23796940250706483
0.2685977150100348
1.7122074979704678
0.11863926405438242
0.33153349082845146
-0.14435816477907215
0.07308256303808516
1.5570258136966364
0.5262017555221957
-0.2560443001282345
0.36435166043943445
1.2579352231651035
1.4479466062802855
-0.28312578808978056
7.849302565910017e-05
0.37843189059064336
-0.1464414088368317
0.8137715898878727
1.2739420915180761
-0.34201167577994923
0.4721976091645055
1.6779784506028037
-0.11201236864958837
0.28768152556265825
0.8924992488511833
-0.021165332323059626
1.0165496213463123
0.5689749200475964
0.05102242076622019
1.0419629319383985
0.032280861609802786
1.0215084357923723
1.4382698302311343
0.1805382207049848
1.1761296734614008
-0.16961694629876975
-0.12312838147713692
1.3241617028065442
-0.07242278159824947
0.04618530190037997
-0.19220810608967318
-0.14023888582650085
0.4510263466149809
0.7308709988617975
1.4066362138513564
0.5596705718314601
-0.254703339070666
-0.3323426628526836
0.1969484555831635
1.132609401938378
1.1763025932953457
-0.10320139728061126
-0.19453129929896049
0.9068724719051982
0.5104285821901153
0.5116739890071644
0.4238598650699032
0.3753853002772021
-0.27065520667717524
0.9315587085278398
0.44462789102952077
0.8573739506902174
0.3556439969751397
1.8122954417592887
0.200885667214298
0.9253238832483263
0.277597847644866
1.1191826442746726
-0.08235843432759021
0.5454563498521734
0.46406538409760995
0.3724778260130953
0.20773997681512615
0.5289045176512134
0.7804656260708795
-0.024741570728719277
0.30041837176220804
0.13218848629821528
-0.09026547799978472
-0.00016985492465712782
0.7407585703550029
1.5321835995316435
-0.0240653431867249
-0.01393579525276408
0.6146766357687321
0.6634793434328892
0.9110441338547233
0.7027199415047776
-0.3105723116230053
0.4146370725429442
0.15932904171323356
0.31800743873817616
-0.27716689612764106
1.3637455141369246
0.01177819572400256
1.9181865431412988
-0.2455372601788483
1.1769009598446063
0.41556883562093205
0.7972038913662491
-0.30190048736173875
0.6705463702616764
0.6326218943105708
-0.23321906008320947
0.3218451802536304
0.6322750406570579
0.48489325312221654
-0.08561697698075175
0.10212624193654186
-0.03789191721747126
-0.3078394444446482
0.7054026776757834
-0.17254446710965735
-0.14481358834245844
0.8105370028426601
-0.02612433988077757
-0.20918729888581755
0.13840384258883623
0.06960198276426292
0.31655433430577007
0.44158520681424596
0.8696478986320746
-0.1285712540273097
0.6107402336696994
1.128224237352789
0.14207863515578112
0.22893143291450094
1.3324775811939145
1.3750786285168481
0.9297011748499908
-0.2746213067843164
-0.2416440490779629
0.5106484689786683
1.5964437653100338
-0.21720368997461206
-0.20871726597239917
0.14759498317076591
0.10045809898144288
0.060440127885790014
0.021293162245439173
-0.06410486380099342
0.04800346161313785
0.06295336292682502
0.041361589380871255
0.7921764440094846
1.8799471356155377
0.017858111282886214
0.6630641609520377
0.0039510649284302994
1.293442586212478
0.8283355785910113
0.2924578341551864
0.48331407681282007
-0.3342054378185241
0.08520947203232251
0.6544946080681294
-0.2321609670302885
-0.09311813320173891
0.41067984078500275
0.02438403200667114
0.9624970669575712
0.5061187797525536
0.7906633389855954
1.0631891863521634
1.5349730605720049
1.3690009080078556
0.05479414622445835
1.1472115427246707
1.2313536106492162
0.8518275864431882
-0.09640150112918076
1.9817444760323206
-0.02769417615717227
0.3016929547701545
-0.13485694424107297
0.7350933518157218
0.014570042735955236
1.1239155759533515
0.8705607253951914
-0.1996376071364365
0.5186470013272265
1.576789173034512
0.25821814758674616
0.3350189115223461
1.2274673298403727
-0.10141429443580466
0.259866840580113
-0.12501777406243628
-0.02266769002577006
1.4899118439997168
0.2232561025798559
2.3920109037263693
0.04945030796420244
0.8983307425350252
2.1886695067932602
0.6412320788607652
0.848902401659477
1.2495050561194039
0.0021881969674836885
-0.08989937076543197
0.770117053294584
-0.2254549796172207
0.434388136559635
0.23423914239733729
0.7610103559205386
-0.19979178917264007
-0.49493299848988687
-0.4970505525182477
0.27661528901871435
0.7723111525056251
-0.20457813484294937
0.3445800191909339
-0.4351320204626722
-0.14672918393958215
0.12154809982290404
0.32795769878540126
0.8552573041344761
0.4369236725667616
-0.12226347544202279
1.1479079569909387
-0.3123317168162499
1.7289219274752932
-0.32237280395617113
1.2549018854969727
-0.33848292182274886
1.207221843948874
0.3052804383716055
0.05734507343898029
1.0528360678833282
0.7300380832664164
1.3350539540689104
-0.5566034597176868
-0.15100725154472774
-0.3227933714689113
0.1649826692620381
-0.15967787880602563
-0.42430028539041953
0.10407086535487516
2.1509727440943496
0.10318249191297772
0.2805374920323251
0.11809763716595877
1.2822188131450243
-0.06312441160702016
0.6624615623684181
-0.06203688386385991
0.062345578352603785
0.02482859137986724
0.3811979654859347
-0.2510823611103129
0.2612395747423523
1.0009341699126975
-0.22819109852745528
0.5553844274826123
0.4527119612826419
-0.15840883487286433
2.265748259428404
0.4796601436251295
-0.3753842958102249
-0.0645149375705311
-0.04963379922333519
0.12293782890618117
0.3212329484799086
0.9090280495863097
0.06130732387307793
1.2318825788013756
0.2681015651930042
-0.41546709443034047
0.1637293341316248
0.6068564600182889
